OBJECTID,STATE_NAME,ORIG_FID,lat,lon
1,Alabama,1,30.233604306545299,-88.472951909110833
2,Alabama,1,35.016033614060056,-88.472951909110833
3,Alabama,1,35.016033614060056,-84.894015913617821
4,Alabama,1,30.233604306545299,-84.894015913617821
5,Alabama,1,30.233604306545299,-88.472951909110833
6,Alaska,2,51.583032574767373,-178.217598400106650
7,Alaska,2,71.406235408594313,-178.217598400106650
8,Alaska,2,71.406235408594313,-129.992235284051300
9,Alaska,2,51.583032574767373,-129.992235284051300
10,Alaska,2,51.583032574767373,-178.217598400106650
11,Arizona,3,31.335634020955577,-114.821761176007290
12,Arizona,3,37.003925976688926,-114.821761176007290
13,Arizona,3,37.003925976688926,-109.045615023002670
14,Arizona,3,31.335634020955577,-109.045615023002670
15,Arizona,3,31.335634020955577,-114.821761176007290
16,Arkansas,4,33.010151574106906,-94.617257092559711
17,Arkansas,4,36.492811108441437,-94.617257092559711
18,Arkansas,4,36.492811108441437,-89.645479202129025
19,Arkansas,4,33.010151574106906,-89.645479202129025
20,Arkansas,4,33.010151574106906,-94.617257092559711
21,California,5,32.535781311170275,-124.392637919223390
22,California,5,42.002191790556139,-124.392637919223390
23,California,5,42.002191790556139,-114.125230481809340
24,California,5,32.535781311170275,-114.125230481809340
25,California,5,32.535781311170275,-124.392637919223390
26,Colorado,6,36.988993876613314,-109.055861084962460
27,Colorado,6,41.003375096788041,-109.055861084962460
28,Colorado,6,41.003375096788041,-102.037207582037790
29,Colorado,6,36.988993876613314,-102.037207582037790
30,Colorado,6,36.988993876613314,-109.055861084962460
31,Connecticut,7,40.998392480638273,-73.725237615764485
32,Connecticut,7,42.047428010250997,-73.725237615764485
33,Connecticut,7,42.047428010250997,-71.788248886626064
34,Connecticut,7,40.998392480638273,-71.788248886626064
35,Connecticut,7,40.998392480638273,-73.725237615764485
36,Delaware,8,38.449602190213994,-75.791094590686043
37,Delaware,8,39.840119016971094,-75.791094590686043
38,Delaware,8,39.840119016971094,-75.045623014157641
39,Delaware,8,38.449602190213994,-75.045623014157641
40,Delaware,8,38.449602190213994,-75.791094590686043
41,District of Columbia,9,38.788233903042062,-77.122328325622902
42,District of Columbia,9,38.993541185888127,-77.122328325622902
43,District of Columbia,9,38.993541185888127,-76.910904695023405
44,District of Columbia,9,38.788233903042062,-76.910904695023405
45,District of Columbia,9,38.788233903042062,-77.122328325622902
46,Florida,10,24.956376381729722,-87.625711607094487
47,Florida,10,31.003157197750166,-87.625711607094487
48,Florida,10,31.003157197750166,-80.050910813530749
49,Florida,10,24.956376381729722,-80.050910813530749
50,Florida,10,24.956376381729722,-87.625711607094487
51,Georgia,11,30.361291783243086,-85.608960199051154
52,Georgia,11,35.000366673941912,-85.608960199051154
53,Georgia,11,35.000366673941912,-80.894753599107673
54,Georgia,11,30.361291783243086,-80.894753599107673
55,Georgia,11,30.361291783243086,-85.608960199051154
56,Hawaii,12,18.921786299848836,-160.242406193955220
57,Hawaii,12,22.229119880636208,-160.242406193955220
58,Hawaii,12,22.229119880636208,-154.791095976170170
59,Hawaii,12,18.921786299848836,-154.791095976170170
60,Hawaii,12,18.921786299848836,-160.242406193955220
61,Idaho,13,41.994599493551632,-117.236920874314550
62,Idaho,13,48.999950496485027,-117.236920874314550
63,Idaho,13,48.999950496485027,-111.046771188131840
64,Idaho,13,41.994599493551632,-111.046771188131840
65,Idaho,13,41.994599493551632,-117.236920874314550
66,Illinois,14,36.986822303241802,-91.516284022703942
67,Illinois,14,42.509363697488013,-91.516284022703942
68,Illinois,14,42.509363697488013,-87.507909480920986
69,Illinois,14,36.986822303241802,-87.507909480920986
70,Illinois,14,36.986822303241802,-91.516284022703942
71,Indiana,15,37.776224274817793,-88.101489903622607
72,Indiana,15,41.765540318187135,-88.101489903622607
73,Indiana,15,41.765540318187135,-84.787446094483187
74,Indiana,15,37.776224274817793,-84.787446094483187
75,Indiana,15,37.776224274817793,-88.101489903622607
76,Iowa,16,40.371946590677155,-96.640709197800660
77,Iowa,16,43.501457418017587,-96.640709197800660
78,Iowa,16,43.501457418017587,-90.142796789601718
79,Iowa,16,40.371946590677155,-90.142796789601718
80,Iowa,16,40.371946590677155,-96.640709197800660
81,Kansas,17,36.988875711475650,-102.051535595835130
82,Kansas,17,40.002987808559176,-102.051535595835130
83,Kansas,17,40.002987808559176,-94.601224311711704
84,Kansas,17,36.988875711475650,-94.601224311711704
85,Kansas,17,36.988875711475650,-102.051535595835130
86,Kentucky,18,36.496570423706054,-89.568231194266971
87,Kentucky,18,39.142063781218781,-89.568231194266971
88,Kentucky,18,39.142063781218781,-81.959575217993134
89,Kentucky,18,36.496570423706054,-81.959575217993134
90,Kentucky,18,36.496570423706054,-89.568231194266971
91,Louisiana,19,28.939655700517058,-94.041785392649004
92,Louisiana,19,33.023422422002575,-94.041785392649004
93,Louisiana,19,33.023422422002575,-89.021802911434079
94,Louisiana,19,28.939655700517058,-89.021802911434079
95,Louisiana,19,28.939655700517058,-94.041785392649004
96,Maine,20,43.091050586781527,-71.087509321217325
97,Maine,20,47.453334474195998,-71.087509321217325
98,Maine,20,47.453334474195998,-66.969270999849613
99,Maine,20,43.091050586781527,-66.969270999849613
100,Maine,20,43.091050586781527,-71.087509321217325
101,Maryland,21,37.970254906383381,-79.489864777882033
102,Maryland,21,39.725461084427650,-79.489864777882033
103,Maryland,21,39.725461084427650,-75.045623014157641
104,Maryland,21,37.970254906383381,-75.045623014157641
105,Maryland,21,37.970254906383381,-79.489864777882033
106,Massachusetts,22,41.238279685380277,-73.498839975778836
107,Massachusetts,22,42.886877501636114,-73.498839975778836
108,Massachusetts,22,42.886877501636114,-69.917779808693638
109,Massachusetts,22,41.238279685380277,-69.917779808693638
110,Massachusetts,22,41.238279685380277,-73.498839975778836
111,Michigan,23,41.697494779788720,-90.408199814619735
112,Michigan,23,48.173795320067349,-90.408199814619735
113,Michigan,23,48.173795320067349,-82.419835821368949
114,Michigan,23,41.697494779788720,-82.419835821368949
115,Michigan,23,41.697494779788720,-90.408199814619735
116,Minnesota,24,43.498102122147721,-97.229436411992708
117,Minnesota,24,49.371730111930574,-97.229436411992708
118,Minnesota,24,49.371730111930574,-89.530673110141663
119,Minnesota,24,43.498102122147721,-89.530673110141663
120,Minnesota,24,43.498102122147721,-97.229436411992708
121,Mississippi,25,30.194935284621923,-91.643682381238804
122,Mississippi,25,35.005041574434863,-91.643682381238804
123,Mississippi,25,35.005041574434863,-88.090468697980555
124,Mississippi,25,30.194935284621923,-88.090468697980555
125,Mississippi,25,30.194935284621923,-91.643682381238804
126,Missouri,26,35.989656397388124,-95.767479587179125
127,Missouri,26,40.609784374865811,-95.767479587179125
128,Missouri,26,40.609784374865811,-89.105033819462633
129,Missouri,26,35.989656397388124,-89.105033819462633
130,Missouri,26,35.989656397388124,-95.767479587179125
131,Montana,27,44.353639720698283,-116.063531302828200
132,Montana,27,49.000026700358582,-116.063531302828200
133,Montana,27,49.000026700358582,-104.043072319729280
134,Montana,27,44.353639720698283,-104.043072319729280
135,Montana,27,44.353639720698283,-116.063531302828200
136,Nebraska,28,39.992594986063985,-104.056219408254120
137,Nebraska,28,43.003062306260063,-104.056219408254120
138,Nebraska,28,43.003062306260063,-95.308697211010653
139,Nebraska,28,39.992594986063985,-95.308697211010653
140,Nebraska,28,39.992594986063985,-104.056219408254120
141,Nevada,29,34.998914399711282,-119.996324684114950
142,Nevada,29,41.996637102341801,-119.996324684114950
143,Nevada,29,41.996637102341801,-114.037392121875070
144,Nevada,29,34.998914399711282,-114.037392121875070
145,Nevada,29,34.998914399711282,-119.996324684114950
146,New Hampshire,30,42.698603491074437,-72.553428481798491
147,New Hampshire,30,45.301469220892777,-72.553428481798491
148,New Hampshire,30,45.301469220892777,-70.734138893274462
149,New Hampshire,30,42.698603491074437,-70.734138893274462
150,New Hampshire,30,42.698603491074437,-72.553428481798491
151,New Jersey,31,38.956682404302803,-75.570234181383071
152,New Jersey,31,41.350573125843503,-75.570234181383071
153,New Jersey,31,41.350573125843503,-73.896148311316736
154,New Jersey,31,38.956682404302803,-73.896148311316736
155,New Jersey,31,38.956682404302803,-75.570234181383071
156,New Mexico,32,31.343453011428341,-109.051346208040020
157,New Mexico,32,36.999760206630583,-109.051346208040020
158,New Mexico,32,36.999760206630583,-102.997400996850460
159,New Mexico,32,31.343453011428341,-102.997400996850460
160,New Mexico,32,31.343453011428341,-109.051346208040020
161,New York,33,40.506003322487224,-79.763235005172362
162,New York,33,45.006138794973708,-79.763235005172362
163,New York,33,45.006138794973708,-71.869986699430967
164,New York,33,40.506003322487224,-71.869986699430967
165,New York,33,40.506003322487224,-79.763235005172362
166,North Carolina,34,33.882164618771945,-84.323773520775006
167,North Carolina,34,36.589767807807817,-84.323773520775006
168,North Carolina,34,36.589767807807817,-75.456580418597767
169,North Carolina,34,33.882164618771945,-75.456580418597767
170,North Carolina,34,33.882164618771945,-84.323773520775006
171,North Dakota,35,45.930822198619090,-104.062991076850780
172,North Dakota,35,49.000026700358582,-104.062991076850780
173,North Dakota,35,49.000026700358582,-96.551931009636348
174,North Dakota,35,45.930822198619090,-96.551931009636348
175,North Dakota,35,45.930822198619090,-104.062991076850780
176,Ohio,36,38.400511025130101,-84.812070522608622
177,Ohio,36,41.986872092650060,-84.812070522608622
178,Ohio,36,41.986872092650060,-80.519996184186752
179,Ohio,36,38.400511025130101,-80.519996184186752
180,Ohio,36,38.400511025130101,-84.812070522608622
181,Oklahoma,37,33.621136600957911,-102.997709489997120
182,Oklahoma,37,37.001478080404183,-102.997709489997120
183,Oklahoma,37,37.001478080404183,-94.428552019887306
184,Oklahoma,37,33.621136600957911,-94.428552019887306
185,Oklahoma,37,33.621136600957911,-102.997709489997120
186,Oregon,38,41.987672205770245,-124.559616895389540
187,Oregon,38,46.236091591998630,-124.559616895389540
188,Oregon,38,46.236091591998630,-116.470418774889250
189,Oregon,38,41.987672205770245,-116.470418774889250
190,Oregon,38,41.987672205770245,-124.559616895389540
191,Pennsylvania,39,39.719313602867956,-80.526045185985097
192,Pennsylvania,39,42.267327092100757,-80.526045185985097
193,Pennsylvania,39,42.267327092100757,-74.700062408140880
194,Pennsylvania,39,39.719313602867956,-74.700062408140880
195,Pennsylvania,39,39.719313602867956,-80.526045185985097
196,Rhode Island,40,41.322769690709876,-71.866678389292503
197,Rhode Island,40,42.013713319498684,-71.866678389292503
198,Rhode Island,40,42.013713319498684,-71.117132684354345
199,Rhode Island,40,41.322769690709876,-71.117132684354345
200,Rhode Island,40,41.322769690709876,-71.866678389292503
201,South Carolina,41,32.068173806807479,-83.350685200588899
202,South Carolina,41,35.208356576952987,-83.350685200588899
203,South Carolina,41,35.208356576952987,-78.579453490713931
204,South Carolina,41,32.068173806807479,-78.579453490713931
205,South Carolina,41,32.068173806807479,-83.350685200588899
206,South Dakota,42,42.488459213664370,-104.061036199960400
207,South Dakota,42,45.943547290660113,-104.061036199960400
208,South Dakota,42,45.943547290660113,-96.439394711538611
209,South Dakota,42,42.488459213664370,-96.439394711538611
210,South Dakota,42,42.488459213664370,-104.061036199960400
211,Tennessee,43,34.988759823729353,-90.305448315142968
212,Tennessee,43,36.679683198773084,-90.305448315142968
213,Tennessee,43,36.679683198773084,-81.652272205230290
214,Tennessee,43,34.988759823729353,-81.652272205230290
215,Tennessee,43,34.988759823729353,-90.305448315142968
216,Texas,44,25.845557389408256,-106.650061910069160
217,Texas,44,36.493912721436196,-106.650061910069160
218,Texas,44,36.493912721436196,-93.507388908474695
219,Texas,44,25.845557389408256,-93.507388908474695
220,Texas,44,25.845557389408256,-106.650061910069160
221,Utah,45,36.991746276712817,-114.047273017773550
222,Utah,45,42.002300578622496,-114.047273017773550
223,Utah,45,42.002300578622496,-109.043206394485880
224,Utah,45,36.991746276712817,-109.043206394485880
225,Utah,45,36.991746276712817,-114.047273017773550
226,Vermont,46,42.725852519130903,-73.436000691749143
227,Vermont,46,45.013351678639800,-73.436000691749143
228,Vermont,46,45.013351678639800,-71.505372307910122
229,Vermont,46,42.725852519130903,-71.505372307910122
230,Vermont,46,42.725852519130903,-73.436000691749143
231,Virginia,47,36.541623516788540,-83.675176793593764
232,Virginia,47,39.456998202238708,-83.675176793593764
233,Virginia,47,39.456998202238708,-75.242219292527622
234,Virginia,47,36.541623516788540,-75.242219292527622
235,Virginia,47,36.541623516788540,-83.675176793593764
236,Washington,48,45.543092792844178,-124.732769825416820
237,Washington,48,48.999931277239369,-124.732769825416820
238,Washington,48,48.999931277239369,-116.919132413840050
239,Washington,48,45.543092792844178,-116.919132413840050
240,Washington,48,45.543092792844178,-124.732769825416820
241,West Virginia,49,37.204910005122215,-82.647158214955837
242,West Virginia,49,40.637203217130228,-82.647158214955837
243,West Virginia,49,40.637203217130228,-77.727467524697190
244,West Virginia,49,37.204910005122215,-77.727467524697190
245,West Virginia,49,37.204910005122215,-82.647158214955837
246,Wisconsin,50,42.489152817466675,-92.885397388332166
247,Wisconsin,50,46.952479500151085,-92.885397388332166
248,Wisconsin,50,46.952479500151085,-86.967712291089470
249,Wisconsin,50,42.489152817466675,-86.967712291089470
250,Wisconsin,50,42.489152817466675,-92.885397388332166
251,Wyoming,51,40.994289186171386,-111.053428577549620
252,Wyoming,51,45.002792876159560,-111.053428577549620
253,Wyoming,51,45.002792876159560,-104.051705514986930
254,Wyoming,51,40.994289186171386,-104.051705514986930
255,Wyoming,51,40.994289186171386,-111.053428577549620